270		0	0
269.9325	-0.3348	0
269.1738	-0.2889	0
266.9058	-0.1539	0
263.1555	0.0648	0
257.9742	0.3483	0
251.4267	0.6804	0
243.594		1.0422	0
234.5706	1.404	0
224.4699	1.7361	0
213.4053	2.0169	0
201.5118	2.2113	0
188.9244	2.3031	0
175.7835	2.2761	0
162.2376	2.1222	0
148.4352	1.8468	0
134.5248	1.4634	0
120.6495	0.999	0
106.9794	0.4914	0
93.9384		-0.1728	0
81.3429		-1.0368	0
69.2928		-2.0196	0
57.8907		-3.0267	0
47.2365		-3.969	0
37.4247		-4.7601	0
28.5498		-5.3109	0
20.7144		-5.5458	0
14.0022		-5.3973	0
8.5023		-4.8087	0
4.293		-3.7341	0
1.4418		-2.1384	0
0		0	0
0.0378		2.5785	0
1.6065		5.4783	0
4.7115		8.6508	0
9.342		12.0204	0
15.4602		15.4872	0
23.0148		18.9324	0
31.9275		22.2237	0
42.0984		25.2288	0
53.406		27.8154	0
65.7072		29.862	0
78.8373		31.2741	0
92.6262		31.9707	0
106.8849	31.9059	0
121.1301	31.1958	0
135.4752	30.0348	0
149.7879	28.4661	0
163.8981	26.5329	0
177.6519	24.2946	0
190.8954	21.8133	0
203.4882	19.1619	0
215.298		16.4214	0
226.1979	13.6674	0
236.0772	10.9836	0
244.8414	8.451	0
252.3987	6.1506	0
258.6816	4.1526	0
263.628		2.5245	0
267.1947	1.323	0
269.3466	0.5832	0
